10000001 0.0 100 14600047 47559.91864204407
10000001 0.0 150 13066683 38668.874740600586
10000001 0.0 200 12300047 31933.576583862305
10000001 0.0 250 11840047 27769.44589614868
10000001 0.0 300 11533365 24996.59037590027
10000001 0.0 350 11314313 23295.249938964844
10000001 0.0 400 11150047 21798.52867126465
10000001 0.0 450 11022259 21059.93342399597
10000001 0.0 500 10920047 19970.92294692993
10000001 0.0 550 10836373 19793.216466903687
10000001 0.0 600 10766683 19051.016807556152
10000001 0.0 650 10707711 18291.964769363403
10000001 0.0 700 10657157 17903.597354888916
10000001 0.0 750 10613365 17183.05206298828
10000001 0.0 800 10575047 17178.3549785614
10000001 0.0 850 10541191 16309.533596038818
10000001 0.0 900 10511153 16096.887588500977
10000001 0.0 950 10484243 16172.430515289307
10000001 0.0 1000 10460047 15830.808639526367
10000001 0.0 1050 10438105 15843.186378479004
10000001 0.0 1100 10418187 15190.172910690308
10000001 0.0 1150 10400017 15094.035387039185
10000001 0.0 1200 10383365 15792.703628540039
10000001 0.0 1250 10368047 14779.746770858765
10000001 0.0 1300 10353879 14254.763126373291
10000001 0.0 1350 10340769 14855.59868812561
10000001 0.0 1400 10328579 14958.564043045044
