10000001 0.0001 50 10050201 1359.1392040252686 \n
10000001 0.0001 150 10140701 465.00420570373535 \n
10000001 0.0001 250 10254501 338.12665939331055 \n
10000001 0.0001 350 10340002 246.6273307800293 \n
10000001 0.0001 450 10455401 183.39157104492188 \n
10000001 0.0001 550 10554401 174.90863800048828 \n
10000001 0.0001 650 10705251 153.80263328552246 \n
10000001 0.0001 750 10813751 124.09710884094238 \n
10000001 0.0001 850 10864451 110.27956008911133 \n
10000001 0.0001 950 11042151 113.1296157836914 \n
10000001 0.0001 1050 11073101 109.51471328735352 \n
10000001 0.0001 1150 11217851 94.5737361907959 \n
10000001 0.0001 1250 11355001 85.7548713684082 \n
10000001 0.0001 1350 11451251 80.3375244140625 \n
